1898432
1898054
1898062
1898038
1898034
1939008
1939062
1939064
1939066
1939068
1961876
1961872
1961870
1961868
1898430
1898460
1898468
1896060
1898050
1963474
1898052
1898456
1963476
1898060
1898068
1898070
1898416
1898418
1898420
1898422
1898424
1898426
1898428
1898434
1898436
1898442
1898444
1898448
1898450
1898452
1898454
1898458
1898464
1898466
1843738
1843740
1843742
1843744
1843744
1843746
1843748
1843750
1843754
1843758
1843760
1843762
1843764
1843766
1843770
1843752
1843756
1912606
1912604
1912600
1963764
1843746
1898472
1843772
1843774
1843778
1963976
1963978
1915026
1963980
1963982
1918648
1963986
1963988
1929064
1963984
1938864
1938840
1938848
1938854
1898480
1812724
1898478
1898474
1885564
1885560
1939080
1939082
1939086
1939088
1939090
1939092
1939094
1939096
1939098
1939100
1939102
1939104
